7
1 3 40
2 1 35
3 1 30
4 3 25
5 1 20
6 3 15
7 2 10
4
3054 2 30
4099 1 35
3059 2 25
2098 1 40
10
29551 8 2861
26324 2 17370
10320 2 26999
15105 1 26326
17591 3 12977
19297 4 26717
25121 5 17402
26788 3 23759
29106 3 24155
15927 2 27595
10
16537 6 1123
2109 3 2655
4258 10 30336
8057 10 32700
10877 10 38457
15895 5 2089
17248 5 6963
18705 1 29379
20122 2 6110
22859 6 2275
10
16537 7 1123
2109 3 2655
4258 10 30336
8057 10 32700
10877 10 38457
15895 5 2089
17248 5 6963
18705 1 29379
20122 2 6110
22859 6 2275
11
16537 7 1123
2109 3 2655
4258 8 30336
23989 10 1122
8057 10 32700
10877 10 38457
15895 5 2089
17248 5 6963
18705 1 29379
20122 2 6110
22859 6 2275
50
275 14 10791
573 19 11653
3247 32 20236
5737 17 31238
6689 49 30070
8976 42 1189
9127 14 20499
9648 41 10216
10320 2 26999
12469 35 28484
12577 7 10756
13424 26 16940
14140 38 17190
14403 9 243
15105 1 26326
15170 26 590
15171 28 22164
15341 41 17893
15927 2 27595
16296 48 12287
16455 26 24018
16658 11 23538
17116 34 2842
17199 35 11760
17391 30 23989
17427 2 23114
17591 3 12977
17922 25 8015
18137 15 24649
19297 4 26717
19568 16 19266
22577 28 18804
22917 1 16778
25116 24 22585
25121 5 17402
26003 31 32755
26324 2 17370
26788 3 23759
27603 33 32290
27622 17 22669
27641 30 21544
27668 21 2916
28112 15 12590
28711 12 271
29106 3 24155
29235 22 1960
29551 8 2861
29791 28 27041
31579 1 11642
32278 18 15132
100
275 14 10791
573 19 11653
1071 37 7504
1695 4 13934
2079 95 15227
2741 25 8590
3072 74 20587
3247 32 20236
3779 16 11317
4067 67 26076
4307 65 4402
5083 55 3789
5737 17 31238
6422 33 3002
6689 49 30070
7382 94 30025
8099 3 4957
8761 95 27623
8976 42 1189
9127 14 20499
9323 20 13942
9523 92 24623
9648 41 10216
10024 11 17536
10136 34 26820
10320 2 26999
12469 35 28484
12577 7 10756
13424 26 16940
14140 38 17190
14403 9 243
14783 45 9005
15105 1 26326
15170 26 590
15171 28 22164
15341 41 17893
15376 16 27046
15927 2 27595
16121 26 3632
16163 66 26829
16296 48 12287
16455 26 24018
16658 11 23538
16855 42 31785
17116 34 2842
17199 35 11760
17364 44 23130
17391 30 23989
17427 2 23114
17591 3 12977
17837 29 8368
17922 25 8015
18137 15 24649
18339 21 23622
18429 42 22934
19297 4 26717
19568 16 19266
19717 96 11091
19943 53 4763
20824 92 9769
21922 23 7746
22577 28 18804
22917 1 16778
23144 17 31412
23460 52 5203
23998 5 9447
24716 2 18131
24962 69 4399
25116 24 22585
25121 5 17402
25751 60 28220
26003 31 32755
26324 2 17370
26379 96 28940
26472 8 30216
26788 3 23759
27196 85 29135
27603 33 32290
27622 17 22669
27641 30 21544
27668 21 2916
28112 15 12590
28167 75 9391
28257 57 2497
28409 91 23865
28711 12 271
29106 3 24155
29235 22 1960
29384 78 9434
29551 8 2861
29743 30 16017
29791 28 27041
30157 22 32528
31187 61 1192
31300 92 1991
31579 1 11642
31797 68 9485
32278 18 15132
32297 2 3491
32568 52 11285
500
18 126 7996
44 328 14998
124 93 4530
200 195 26021
303 171 25219
447 468 9615
562 29 22333
771 88 24881
801 470 14281
818 375 27788
888 483 13979
949 91 7093
951 386 23889
952 402 1151
988 344 27364
994 294 2155
1143 61 1444
1172 421 9322
1223 13 2272
1364 428 3464
1427 366 28921
1467 295 13505
1534 36 14133
1587 358 24015
1627 324 28406
1629 65 24762
1716 172 24789
1826 225 27315
1914 187 19224
1932 153 26612
1942 247 30340
2015 389 11404
2161 452 24951
2167 426 8903
2176 263 23007
2289 170 19496
2332 468 10204
2359 430 6999
2488 61 24829
2510 44 727
2568 403 23947
2608 182 28492
2780 495 29955
2827 37 31192
2934 440 26176
2947 294 3775
2989 354 1335
3183 299 21362
3227 260 17542
3242 491 22383
3247 256 28845
3268 338 10590
3316 325 23568
3421 299 1877
3435 254 19285
3519 174 22363
3522 52 22402
3546 434 32336
3790 472 14566
3835 330 4844
3905 50 14781
3953 197 2466
4055 442 18769
4059 356 31661
4061 95 5188
4089 155 30371
4194 252 737
4231 259 24467
4427 9 536
4479 63 17279
4498 157 24109
4524 250 10153
4803 326 21535
4948 144 11001
4996 64 30212
5005 426 27115
5055 76 16544
5108 317 19607
5156 157 706
5417 68 2599
5496 127 3902
5584 463 16088
5610 387 2126
5650 196 851
5833 13 12137
5934 9 29362
6098 334 8082
6163 155 2589
6242 427 21951
6248 339 18085
6267 310 2492
6348 427 22904
6428 261 27645
6442 242 17913
6485 315 6411
6496 196 8003
6612 449 3181
6981 120 24800
6995 6 12261
7023 315 31963
7121 217 22194
7150 173 25806
7158 275 31312
7209 445 28460
7315 136 27327
7372 472 29677
7623 415 4574
7650 54 5437
7706 36 21462
7917 15 2165
7935 140 1870
7942 117 4616
8008 233 3661
8099 378 27506
8111 29 1390
8157 131 628
8198 106 27997
8202 390 16513
8358 229 6954
8390 462 21340
8413 194 11727
8462 467 4036
8471 11 28565
8592 421 22476
8659 144 9366
8760 140 8142
8872 446 17977
8932 78 6594
9023 380 26960
9031 410 26812
9049 183 3936
9071 8 12959
9117 211 29006
9177 312 23107
9241 146 16541
9257 251 18295
9381 412 25529
9622 274 13113
9776 351 9417
9869 79 8284
10124 95 24316
10139 340 3425
10177 353 8267
10312 68 21861
10479 32 14341
10516 280 24526
10520 442 16481
10664 2 26140
10740 375 4474
10823 4 7863
10877 405 12723
10903 463 24920
10908 312 22576
10926 55 4679
10928 309 2928
10992 266 16264
11062 80 20078
11132 334 23906
11150 154 14245
11201 311 11235
11203 478 11373
11254 318 15396
11281 452 10771
11323 91 17880
11368 199 30690
11707 252 2836
11766 124 18590
11812 323 5860
11945 210 1188
11950 343 6718
12009 156 13733
12047 247 20834
12122 67 30869
12188 99 8347
12276 356 17723
12370 59 32580
12459 138 6256
12609 311 27171
12655 374 32500
12703 400 30160
12716 406 5454
12790 274 31276
12837 257 26170
12871 467 10393
12899 480 19107
12921 260 4268
13007 190 8765
13196 473 357
13268 274 18968
13286 309 16592
13350 151 14051
13414 159 30804
13466 93 9876
13486 287 9724
13493 262 2356
13505 444 29898
13553 85 20940
13588 247 13259
13641 196 14610
13719 228 8009
13795 40 21951
13968 486 25772
14022 365 10909
14025 487 17250
14036 131 27211
14105 80 2432
14107 62 29600
14150 484 17122
14275 75 4599
14445 3 24455
14447 407 4465
14466 269 23514
14496 303 30821
14648 440 18841
14706 351 8621
14828 290 2315
14848 399 13738
14853 66 31022
14862 404 11398
14908 297 31878
14922 113 8381
14973 307 2851
15186 172 30997
15218 437 9957
15225 63 1580
15337 23 12392
15369 92 15081
15498 183 4042
15577 470 16450
15588 402 26801
15641 380 18295
15665 123 28173
15677 155 8500
15697 340 10550
15915 443 20149
15917 443 11181
15951 176 25364
15978 445 7565
15999 233 31235
16132 73 27116
16151 173 17200
16254 441 15072
16353 380 12557
16415 340 14565
16430 161 4053
16553 195 19807
16656 321 1356
16664 487 9133
16720 28 25936
16729 491 28275
16763 112 23262
16838 343 7089
16860 494 4303
16885 80 24990
16895 317 28866
17003 485 5232
17054 416 15971
17128 396 6109
17232 116 18937
17248 404 26421
17334 114 1969
17441 376 9362
17472 340 17671
17555 298 16038
17641 332 31032
17831 436 30136
17861 403 12379
17873 271 19752
17937 131 19242
17986 339 1656
17993 321 11655
17995 58 5440
18070 51 27832
18081 481 2842
18101 258 22522
18106 486 26610
18163 285 21244
18237 97 3162
18294 446 13930
18527 287 28434
18672 342 18871
18717 393 28590
18744 197 24735
18787 402 28222
18823 100 1260
18926 420 21455
19035 76 321
19041 399 3303
19059 174 10089
19089 463 11718
19205 20 12177
19371 258 3993
19488 15 14898
19635 157 30752
19821 311 19818
19846 255 18243
19868 316 8324
19917 291 3584
19946 199 6609
20006 376 19266
20057 362 21303
20087 468 10677
20104 41 7679
20158 25 7528
20196 219 5998
20235 103 20117
20342 13 18867
20345 321 16161
20413 387 21866
20438 13 17509
20524 62 23488
20595 347 27482
20596 100 13592
20674 39 32578
20694 77 14336
20719 166 24459
20727 453 7858
20799 401 27688
20826 185 9244
20872 427 25727
20910 27 3873
20976 225 10071
21012 159 933
21241 269 28187
21313 139 32361
21435 262 9709
21514 415 31598
21624 203 26424
21634 20 15555
21684 235 13697
21770 215 7748
21938 245 271
21966 342 8614
22029 211 23365
22184 18 12754
22335 409 30811
22353 398 25705
22362 21 2331
22381 478 23096
22429 105 17561
22446 49 5765
22574 496 23635
22717 470 21572
22858 150 20108
22872 379 18588
22874 353 31289
22968 414 27007
23299 211 10774
23334 496 12499
23547 385 4780
23578 393 28114
23612 488 3154
23709 447 27641
23834 153 24086
23943 84 32493
23981 79 20733
24070 153 27924
24141 347 7052
24230 428 3391
24235 434 19848
24389 416 1292
24431 327 28
24529 268 2619
24531 442 13972
24632 454 2847
24683 44 7505
24730 184 18253
25105 202 10989
25120 13 19281
25122 257 10007
25127 334 26981
25210 145 10740
25217 405 4685
25280 132 7495
25347 65 32739
25372 241 9641
25429 178 17008
25460 125 12137
25474 257 17151
25476 325 7135
25530 404 23944
25578 239 3225
25611 93 9623
25729 109 13311
25739 59 1762
25766 413 20565
25846 45 28332
25899 392 12584
25942 119 29012
25945 136 31892
26008 116 19712
26016 190 10454
26038 8 28977
26136 140 20759
26193 247 12126
26348 449 16663
26380 441 18184
26447 105 5815
26461 160 12698
26613 207 15614
26652 83 14631
26724 110 205
26740 423 26490
26902 82 22980
27090 33 22066
27138 403 27335
27204 202 15682
27248 393 15723
27280 33 901
27286 106 1020
27325 449 24511
27351 21 9914
27431 56 31000
27448 163 1508
27510 369 31596
27602 6 30319
27683 493 29092
27691 85 10018
27746 323 16196
27761 70 11609
27806 485 10412
27880 400 24094
28025 396 27064
28032 493 22027
28112 57 9534
28258 80 10891
28263 442 26817
28304 129 23472
28322 237 18246
28337 405 6758
28397 398 26111
28512 454 3143
28675 239 15835
28696 429 29147
28709 305 12243
28788 204 25817
28817 100 24985
28899 5 28772
28960 163 29124
28973 74 32653
28987 429 660
29037 470 29532
29112 35 24521
29201 467 24274
29247 345 20628
29294 161 358
29464 25 28394
29500 254 9047
29507 79 31120
29564 337 23921
29589 228 1366
29632 84 14882
29642 339 20613
29709 19 10685
29814 316 20301
29905 72 12713
29975 172 21205
30025 315 1350
30036 99 28388
30038 207 22602
30186 461 32006
30236 7 13342
30302 465 18261
30312 255 3573
30341 220 4424
30345 423 8867
30418 52 30587
30501 379 10934
30521 21 2304
30525 231 19779
30531 219 18674
30559 178 3462
30600 163 22898
30678 379 19834
30690 240 32456
30701 458 26349
30704 199 5992
30961 24 29172
31275 278 23978
31439 401 19166
31532 270 28967
31651 426 20163
31726 128 15878
31913 41 27961
32001 398 11647
32019 182 22786
32027 269 8419
32028 149 20417
32050 332 14720
32056 206 5747
32117 57 2292
32193 275 6722
32195 57 12333
32224 66 32459
32298 421 23920
32520 139 14747
32593 161 23767
32657 155 17441
32689 51 11941
32730 449 14900
600
18 126 7996
44 328 14998
117 24 9468
124 93 4530
200 195 26021
204 588 19152
303 171 25219
447 468 9615
562 29 22333
745 127 20045
760 417 6133
771 88 24881
801 470 14281
818 375 27788
888 483 13979
947 142 7339
949 91 7093
951 386 23889
952 402 1151
962 289 17662
988 344 27364
994 294 2155
1073 99 26826
1143 61 1444
1172 421 9322
1223 13 2272
1289 448 16864
1364 428 3464
1427 366 28921
1444 459 1839
1467 295 13505
1534 36 14133
1587 358 24015
1627 324 28406
1629 65 24762
1716 172 24789
1826 225 27315
1914 187 19224
1932 153 26612
1942 247 30340
2015 389 11404
2037 67 9319
2161 452 24951
2167 426 8903
2176 263 23007
2289 170 19496
2332 468 10204
2359 430 6999
2471 238 18056
2488 61 24829
2510 44 727
2521 298 11306
2568 403 23947
2584 31 19858
2608 182 28492
2613 214 2139
2710 155 3331
2780 495 29955
2827 37 31192
2934 440 26176
2947 294 3775
2989 354 1335
3183 299 21362
3227 260 17542
3242 491 22383
3247 256 28845
3268 338 10590
3316 325 23568
3421 299 1877
3435 254 19285
3519 174 22363
3522 52 22402
3546 434 32336
3790 472 14566
3835 330 4844
3888 462 19425
3905 50 14781
3953 197 2466
4055 442 18769
4059 356 31661
4061 95 5188
4089 155 30371
4194 252 737
4231 259 24467
4427 9 536
4479 63 17279
4498 157 24109
4524 250 10153
4803 326 21535
4948 144 11001
4996 64 30212
5005 426 27115
5055 76 16544
5108 317 19607
5156 157 706
5417 68 2599
5496 127 3902
5584 463 16088
5610 387 2126
5650 196 851
5833 13 12137
5934 9 29362
6098 334 8082
6099 417 15794
6163 155 2589
6219 439 21400
6242 427 21951
6248 339 18085
6267 310 2492
6348 427 22904
6426 584 8110
6428 261 27645
6442 242 17913
6485 315 6411
6496 196 8003
6612 449 3181
6727 35 32137
6981 120 24800
6995 6 12261
7023 315 31963
7121 217 22194
7150 173 25806
7158 275 31312
7164 243 32301
7209 445 28460
7224 64 12304
7315 136 27327
7372 472 29677
7623 415 4574
7650 54 5437
7706 36 21462
7917 15 2165
7935 140 1870
7942 117 4616
8008 233 3661
8099 378 27506
8111 29 1390
8157 131 628
8198 106 27997
8202 390 16513
8358 229 6954
8390 462 21340
8413 194 11727
8462 467 4036
8471 11 28565
8592 421 22476
8656 328 30502
8659 144 9366
8760 140 8142
8872 446 17977
8932 78 6594
9023 380 26960
9031 410 26812
9049 183 3936
9071 8 12959
9117 211 29006
9177 312 23107
9241 146 16541
9257 251 18295
9381 412 25529
9622 274 13113
9656 94 17662
9668 325 4471
9776 351 9417
9869 79 8284
10051 314 7649
10124 95 24316
10139 340 3425
10177 353 8267
10312 68 21861
10479 32 14341
10516 280 24526
10520 442 16481
10525 13 25906
10664 2 26140
10740 375 4474
10823 4 7863
10877 405 12723
10903 463 24920
10908 312 22576
10926 55 4679
10928 309 2928
10992 266 16264
11062 80 20078
11132 334 23906
11150 154 14245
11201 311 11235
11203 478 11373
11254 318 15396
11281 452 10771
11323 91 17880
11368 199 30690
11421 557 20148
11707 252 2836
11766 124 18590
11812 323 5860
11945 210 1188
11950 343 6718
12009 156 13733
12047 247 20834
12122 67 30869
12188 99 8347
12276 356 17723
12370 59 32580
12459 138 6256
12594 259 1379
12609 311 27171
12655 374 32500
12666 469 31089
12703 400 30160
12716 406 5454
12790 274 31276
12837 257 26170
12871 467 10393
12899 480 19107
12921 260 4268
13007 190 8765
13045 473 29067
13196 473 357
13268 274 18968
13286 309 16592
13350 151 14051
13414 159 30804
13466 93 9876
13486 287 9724
13493 262 2356
13505 444 29898
13553 85 20940
13588 247 13259
13641 196 14610
13719 228 8009
13795 40 21951
13827 118 20361
13884 316 374
13968 486 25772
14022 365 10909
14025 487 17250
14036 131 27211
14041 271 6316
14105 80 2432
14107 62 29600
14150 484 17122
14275 75 4599
14427 242 18300
14445 3 24455
14447 407 4465
14466 269 23514
14496 303 30821
14541 87 17288
14636 302 23127
14648 440 18841
14706 351 8621
14828 290 2315
14848 399 13738
14853 66 31022
14862 404 11398
14908 297 31878
14922 113 8381
14973 307 2851
15186 172 30997
15218 437 9957
15225 63 1580
15302 19 5441
15308 569 16455
15337 23 12392
15369 92 15081
15498 183 4042
15577 470 16450
15588 402 26801
15641 380 18295
15665 123 28173
15677 155 8500
15697 340 10550
15864 71 24467
15915 443 20149
15917 443 11181
15951 176 25364
15978 445 7565
15999 233 31235
16132 73 27116
16146 184 22980
16151 173 17200
16254 441 15072
16353 380 12557
16415 340 14565
16430 161 4053
16553 195 19807
16656 321 1356
16664 487 9133
16720 28 25936
16729 491 28275
16763 112 23262
16834 429 10199
16835 249 19642
16838 343 7089
16860 494 4303
16885 80 24990
16895 317 28866
17003 485 5232
17054 416 15971
17128 396 6109
17170 361 21830
17232 116 18937
17248 404 26421
17328 1 10215
17334 114 1969
17441 376 9362
17472 340 17671
17555 298 16038
17641 332 31032
17831 436 30136
17861 403 12379
17873 271 19752
17928 343 4835
17937 131 19242
17986 339 1656
17993 321 11655
17994 253 17253
17995 58 5440
18070 51 27832
18081 481 2842
18101 258 22522
18106 486 26610
18163 285 21244
18237 97 3162
18294 446 13930
18527 287 28434
18672 342 18871
18717 393 28590
18744 197 24735
18787 402 28222
18823 100 1260
18926 420 21455
18943 412 10376
19035 76 321
19041 399 3303
19059 174 10089
19089 463 11718
19205 20 12177
19371 258 3993
19488 15 14898
19489 16 24929
19635 157 30752
19683 340 16217
19772 411 7860
19821 311 19818
19846 255 18243
19868 316 8324
19917 291 3584
19946 199 6609
19958 378 22182
20006 376 19266
20057 362 21303
20087 468 10677
20104 41 7679
20158 25 7528
20196 219 5998
20235 103 20117
20342 13 18867
20345 321 16161
20413 387 21866
20438 13 17509
20523 394 2759
20524 62 23488
20595 347 27482
20596 100 13592
20674 39 32578
20694 77 14336
20719 166 24459
20727 453 7858
20799 401 27688
20826 185 9244
20872 427 25727
20910 27 3873
20976 225 10071
20995 126 17092
21012 159 933
21236 585 16963
21241 269 28187
21313 139 32361
21385 208 23894
21435 262 9709
21507 353 29059
21514 415 31598
21602 155 3400
21624 203 26424
21634 20 15555
21684 235 13697
21770 215 7748
21938 245 271
21966 342 8614
22029 211 23365
22184 18 12754
22335 409 30811
22353 398 25705
22362 21 2331
22381 478 23096
22429 105 17561
22446 49 5765
22474 373 26349
22560 118 28777
22574 496 23635
22717 470 21572
22841 492 864
22842 261 27237
22858 150 20108
22872 379 18588
22874 353 31289
22968 414 27007
23222 287 13527
23299 211 10774
23334 496 12499
23547 385 4780
23578 393 28114
23612 488 3154
23694 498 30415
23709 447 27641
23834 153 24086
23855 184 20654
23910 38 30624
23943 84 32493
23973 169 10450
23981 79 20733
24031 200 2429
24070 153 27924
24141 347 7052
24160 269 4390
24230 428 3391
24235 434 19848
24285 25 1466
24389 416 1292
24423 558 26741
24431 327 28
24529 268 2619
24531 442 13972
24626 304 22625
24632 454 2847
24683 44 7505
24730 184 18253
24844 488 11114
25105 202 10989
25120 13 19281
25122 257 10007
25127 334 26981
25210 145 10740
25217 405 4685
25280 132 7495
25320 116 30840
25347 65 32739
25372 241 9641
25429 178 17008
25460 125 12137
25474 257 17151
25476 325 7135
25530 404 23944
25578 239 3225
25611 93 9623
25616 409 23073
25704 43 26494
25729 109 13311
25739 59 1762
25755 382 13076
25766 413 20565
25846 45 28332
25899 392 12584
25942 119 29012
25945 136 31892
25950 305 916
26008 116 19712
26016 190 10454
26038 8 28977
26136 140 20759
26193 247 12126
26348 449 16663
26380 441 18184
26447 105 5815
26461 160 12698
26613 207 15614
26652 83 14631
26724 110 205
26740 423 26490
26864 300 2466
26902 82 22980
27090 33 22066
27138 403 27335
27204 202 15682
27238 515 27919
27248 393 15723
27280 33 901
27286 106 1020
27325 449 24511
27351 21 9914
27431 56 31000
27448 163 1508
27510 369 31596
27556 122 13315
27559 360 17843
27602 6 30319
27637 414 9483
27683 493 29092
27691 85 10018
27746 323 16196
27761 70 11609
27806 485 10412
27880 400 24094
27982 54 2469
28025 396 27064
28032 493 22027
28079 114 8849
28112 57 9534
28258 80 10891
28263 442 26817
28298 357 23647
28304 129 23472
28322 237 18246
28337 405 6758
28397 398 26111
28471 50 7835
28512 454 3143
28675 239 15835
28696 429 29147
28709 305 12243
28788 204 25817
28817 100 24985
28880 229 10235
28899 5 28772
28960 163 29124
28973 74 32653
28987 429 660
29037 470 29532
29077 417 4644
29112 35 24521
29201 467 24274
29247 345 20628
29274 214 16976
29294 161 358
29409 454 6251
29464 25 28394
29500 254 9047
29507 79 31120
29564 337 23921
29589 228 1366
29632 84 14882
29642 339 20613
29647 576 22831
29709 19 10685
29719 53 16199
29814 316 20301
29905 72 12713
29975 172 21205
30025 315 1350
30036 99 28388
30038 207 22602
30186 461 32006
30236 7 13342
30302 465 18261
30312 255 3573
30341 220 4424
30345 423 8867
30418 52 30587
30501 379 10934
30521 21 2304
30525 231 19779
30531 219 18674
30559 178 3462
30600 163 22898
30670 362 18124
30678 379 19834
30690 240 32456
30701 458 26349
30704 199 5992
30726 201 23593
30790 303 3431
30961 24 29172
31015 269 27321
31140 285 6984
31275 278 23978
31439 401 19166
31532 270 28967
31651 426 20163
31726 128 15878
31913 41 27961
32001 398 11647
32019 182 22786
32027 269 8419
32028 149 20417
32050 332 14720
32056 206 5747
32111 196 23387
32117 57 2292
32132 107 25298
32193 275 6722
32195 57 12333
32224 66 32459
32298 421 23920
32520 139 14747
32593 161 23767
32657 155 17441
32689 51 11941
32730 449 14900
700
18 126 7996
44 328 14998
117 24 9468
124 93 4530
200 195 26021
204 588 19152
303 171 25219
330 389 4633
447 468 9615
562 29 22333
745 127 20045
760 417 6133
771 88 24881
801 470 14281
818 375 27788
888 483 13979
947 142 7339
949 91 7093
951 386 23889
952 402 1151
962 289 17662
988 344 27364
994 294 2155
1073 99 26826
1102 286 5496
1114 328 26325
1143 61 1444
1172 421 9322
1223 13 2272
1289 448 16864
1325 679 32062
1364 428 3464
1378 161 11304
1427 366 28921
1444 459 1839
1467 295 13505
1534 36 14133
1546 398 12436
1587 358 24015
1593 585 2162
1627 324 28406
1629 65 24762
1716 172 24789
1826 225 27315
1870 651 25934
1914 187 19224
1932 153 26612
1942 247 30340
2015 389 11404
2037 67 9319
2161 452 24951
2167 426 8903
2176 263 23007
2250 477 12935
2289 170 19496
2332 468 10204
2359 430 6999
2463 687 2025
2471 238 18056
2488 61 24829
2510 44 727
2521 298 11306
2568 403 23947
2584 31 19858
2608 182 28492
2613 214 2139
2710 155 3331
2780 495 29955
2827 37 31192
2890 503 17085
2934 440 26176
2947 294 3775
2989 354 1335
2993 575 24653
3183 299 21362
3227 260 17542
3236 646 16945
3242 491 22383
3247 256 28845
3268 338 10590
3316 325 23568
3421 299 1877
3435 254 19285
3519 174 22363
3522 52 22402
3546 434 32336
3790 472 14566
3835 330 4844
3888 462 19425
3905 50 14781
3953 197 2466
3959 346 10066
4055 442 18769
4059 356 31661
4061 95 5188
4087 396 13031
4089 155 30371
4194 252 737
4231 259 24467
4237 585 18362
4427 9 536
4479 63 17279
4498 157 24109
4524 250 10153
4742 560 13283
4803 326 21535
4948 144 11001
4996 64 30212
5005 426 27115
5055 76 16544
5108 317 19607
5156 157 706
5417 68 2599
5496 127 3902
5584 463 16088
5587 621 13550
5610 387 2126
5650 196 851
5731 16 32051
5833 13 12137
5934 9 29362
6075 554 8269
6098 334 8082
6099 417 15794
6163 155 2589
6219 439 21400
6242 427 21951
6248 339 18085
6267 310 2492
6348 427 22904
6381 697 29763
6426 584 8110
6428 261 27645
6442 242 17913
6485 315 6411
6496 196 8003
6612 449 3181
6683 554 20875
6727 35 32137
6918 616 12696
6981 120 24800
6995 6 12261
7023 315 31963
7121 217 22194
7150 173 25806
7158 275 31312
7164 243 32301
7209 445 28460
7224 64 12304
7278 209 6747
7315 136 27327
7372 472 29677
7542 320 10372
7623 415 4574
7650 54 5437
7676 451 3583
7706 36 21462
7917 15 2165
7935 140 1870
7942 117 4616
8008 233 3661
8099 378 27506
8111 29 1390
8157 131 628
8198 106 27997
8202 390 16513
8358 229 6954
8390 462 21340
8406 553 15477
8413 194 11727
8439 155 29995
8462 467 4036
8471 11 28565
8570 676 764
8592 421 22476
8656 328 30502
8659 144 9366
8760 140 8142
8872 446 17977
8932 78 6594
8959 357 19608
9023 380 26960
9031 410 26812
9049 183 3936
9071 8 12959
9117 211 29006
9139 43 13281
9177 312 23107
9227 427 2252
9241 146 16541
9257 251 18295
9317 606 18597
9381 412 25529
9622 274 13113
9656 94 17662
9668 325 4471
9735 634 132
9776 351 9417
9869 79 8284
9887 240 32383
10051 314 7649
10124 95 24316
10139 340 3425
10177 353 8267
10312 68 21861
10479 32 14341
10516 280 24526
10520 442 16481
10525 13 25906
10613 487 3312
10664 2 26140
10726 19 19364
10740 375 4474
10770 681 6527
10823 4 7863
10877 405 12723
10903 463 24920
10908 312 22576
10926 55 4679
10928 309 2928
10992 266 16264
11062 80 20078
11132 334 23906
11150 154 14245
11201 311 11235
11203 478 11373
11254 318 15396
11281 452 10771
11323 91 17880
11368 199 30690
11421 557 20148
11707 252 2836
11766 124 18590
11812 323 5860
11945 210 1188
11950 343 6718
12009 156 13733
12047 247 20834
12122 67 30869
12175 138 16913
12188 99 8347
12276 356 17723
12370 59 32580
12396 32 13564
12459 138 6256
12594 259 1379
12609 311 27171
12655 374 32500
12666 469 31089
12703 400 30160
12716 406 5454
12790 274 31276
12837 257 26170
12871 467 10393
12899 480 19107
12921 260 4268
13007 190 8765
13045 473 29067
13068 482 12829
13116 473 19033
13196 473 357
13215 334 14809
13268 274 18968
13286 309 16592
13350 151 14051
13414 159 30804
13466 93 9876
13486 287 9724
13493 262 2356
13505 444 29898
13553 85 20940
13588 247 13259
13641 196 14610
13719 228 8009
13795 40 21951
13826 637 11307
13827 118 20361
13884 316 374
13968 486 25772
14022 365 10909
14025 487 17250
14036 131 27211
14041 271 6316
14105 80 2432
14107 62 29600
14150 484 17122
14275 75 4599
14279 591 8105
14427 242 18300
14445 3 24455
14447 407 4465
14466 269 23514
14496 303 30821
14541 87 17288
14636 302 23127
14648 440 18841
14706 351 8621
14828 290 2315
14848 399 13738
14853 66 31022
14855 418 32
14862 404 11398
14908 297 31878
14922 113 8381
14961 459 3997
14973 307 2851
15140 551 20129
15155 108 20873
15186 172 30997
15188 404 3496
15218 437 9957
15225 63 1580
15302 19 5441
15308 569 16455
15337 23 12392
15369 92 15081
15498 183 4042
15566 518 20404
15577 470 16450
15588 402 26801
15641 380 18295
15665 123 28173
15677 155 8500
15697 340 10550
15864 71 24467
15915 443 20149
15917 443 11181
15951 176 25364
15978 445 7565
15999 233 31235
16006 380 8420
16100 455 26331
16132 73 27116
16146 184 22980
16151 173 17200
16254 441 15072
16344 193 30753
16353 380 12557
16415 340 14565
16430 161 4053
16553 195 19807
16648 99 8055
16656 321 1356
16664 487 9133
16720 28 25936
16729 491 28275
16763 112 23262
16834 429 10199
16835 249 19642
16838 343 7089
16860 494 4303
16885 80 24990
16895 317 28866
17003 485 5232
17054 416 15971
17128 396 6109
17170 361 21830
17232 116 18937
17248 404 26421
17328 1 10215
17334 114 1969
17441 376 9362
17472 340 17671
17555 298 16038
17585 282 12984
17641 332 31032
17831 436 30136
17861 403 12379
17873 271 19752
17928 343 4835
17937 131 19242
17986 339 1656
17993 321 11655
17994 253 17253
17995 58 5440
18070 51 27832
18081 481 2842
18101 258 22522
18106 486 26610
18163 285 21244
18200 531 26710
18237 97 3162
18294 446 13930
18527 287 28434
18672 342 18871
18682 568 29460
18714 112 21050
18717 393 28590
18744 197 24735
18787 402 28222
18823 100 1260
18926 420 21455
18943 412 10376
19013 346 8593
19035 76 321
19041 399 3303
19059 174 10089
19089 463 11718
19205 20 12177
19281 188 1781
19371 258 3993
19488 15 14898
19489 16 24929
19569 253 25632
19635 157 30752
19683 340 16217
19772 411 7860
19821 311 19818
19846 255 18243
19868 316 8324
19917 291 3584
19942 254 18486
19946 199 6609
19958 378 22182
20006 376 19266
20057 362 21303
20087 468 10677
20096 313 5307
20104 41 7679
20158 25 7528
20196 219 5998
20212 602 14014
20235 103 20117
20342 13 18867
20345 321 16161
20354 46 11788
20413 387 21866
20438 13 17509
20523 394 2759
20524 62 23488
20595 347 27482
20596 100 13592
20674 39 32578
20694 77 14336
20719 166 24459
20727 453 7858
20799 401 27688
20826 185 9244
20872 427 25727
20910 27 3873
20976 225 10071
20995 126 17092
21012 159 933
21081 302 12564
21236 585 16963
21241 269 28187
21313 139 32361
21385 208 23894
21435 262 9709
21507 353 29059
21514 415 31598
21602 155 3400
21624 203 26424
21634 20 15555
21684 235 13697
21697 63 4040
21770 215 7748
21938 245 271
21966 342 8614
22029 211 23365
22184 18 12754
22335 409 30811
22353 398 25705
22362 21 2331
22381 478 23096
22429 105 17561
22446 49 5765
22474 373 26349
22560 118 28777
22574 496 23635
22611 695 14026
22653 518 18906
22717 470 21572
22841 492 864
22842 261 27237
22858 150 20108
22872 379 18588
22874 353 31289
22912 259 18209
22925 90 18710
22968 414 27007
23222 287 13527
23299 211 10774
23334 496 12499
23547 385 4780
23578 393 28114
23594 402 16988
23612 488 3154
23675 520 28090
23694 498 30415
23709 447 27641
23834 153 24086
23855 184 20654
23875 252 14321
23910 38 30624
23943 84 32493
23973 169 10450
23981 79 20733
24031 200 2429
24070 153 27924
24141 347 7052
24160 269 4390
24230 428 3391
24235 434 19848
24285 25 1466
24389 416 1292
24423 558 26741
24431 327 28
24529 268 2619
24531 442 13972
24626 304 22625
24632 454 2847
24669 237 12495
24683 44 7505
24730 184 18253
24844 488 11114
25105 202 10989
25113 515 30801
25120 13 19281
25122 257 10007
25127 334 26981
25210 145 10740
25217 405 4685
25280 132 7495
25320 116 30840
25347 65 32739
25372 241 9641
25411 576 20436
25429 178 17008
25460 125 12137
25474 257 17151
25476 325 7135
25530 404 23944
25578 239 3225
25611 93 9623
25616 409 23073
25704 43 26494
25721 532 16206
25729 109 13311
25739 59 1762
25755 382 13076
25766 413 20565
25846 45 28332
25899 392 12584
25942 119 29012
25945 136 31892
25950 305 916
26008 116 19712
26016 190 10454
26038 8 28977
26136 140 20759
26193 247 12126
26255 596 26110
26348 449 16663
26380 441 18184
26447 105 5815
26461 160 12698
26572 88 5903
26613 207 15614
26652 83 14631
26724 110 205
26740 423 26490
26864 300 2466
26902 82 22980
27090 33 22066
27138 403 27335
27204 202 15682
27238 515 27919
27248 393 15723
27280 33 901
27286 106 1020
27325 449 24511
27351 21 9914
27431 56 31000
27448 163 1508
27492 295 18123
27510 369 31596
27556 122 13315
27559 360 17843
27602 6 30319
27637 414 9483
27683 493 29092
27691 85 10018
27746 323 16196
27761 70 11609
27806 485 10412
27880 400 24094
27982 54 2469
28025 396 27064
28027 223 4647
28032 493 22027
28079 114 8849
28112 57 9534
28258 80 10891
28263 442 26817
28270 294 28108
28298 357 23647
28304 129 23472
28311 632 32263
28322 237 18246
28337 405 6758
28397 398 26111
28471 50 7835
28512 454 3143
28675 239 15835
28696 429 29147
28709 305 12243
28788 204 25817
28817 100 24985
28880 229 10235
28899 5 28772
28960 163 29124
28973 74 32653
28987 429 660
29037 470 29532
29077 417 4644
29112 35 24521
29155 391 12343
29201 467 24274
29247 345 20628
29257 405 10156
29274 214 16976
29294 161 358
29409 454 6251
29449 91 18612
29464 25 28394
29500 254 9047
29507 79 31120
29564 337 23921
29589 228 1366
29632 84 14882
29642 339 20613
29647 576 22831
29662 159 30548
29709 19 10685
29719 53 16199
29814 316 20301
29905 72 12713
29975 172 21205
30025 315 1350
30036 99 28388
30038 207 22602
30124 511 1804
30186 461 32006
30236 7 13342
30302 465 18261
30312 255 3573
30341 220 4424
30345 423 8867
30418 52 30587
30449 544 31348
30501 379 10934
30521 21 2304
30525 231 19779
30531 219 18674
30539 481 3529
30559 178 3462
30600 163 22898
30670 362 18124
30678 379 19834
30690 240 32456
30701 458 26349
30704 199 5992
30726 201 23593
30790 303 3431
30933 677 8361
30961 24 29172
30970 578 2092
31015 269 27321
31140 285 6984
31275 278 23978
31439 401 19166
31457 564 1651
31532 270 28967
31651 426 20163
31726 128 15878
31913 41 27961
32001 398 11647
32019 182 22786
32027 269 8419
32028 149 20417
32050 332 14720
32056 206 5747
32111 196 23387
32117 57 2292
32132 107 25298
32193 275 6722
32195 57 12333
32224 66 32459
32298 421 23920
32466 523 13131
32520 139 14747
32522 469 15626
32569 606 3286
32585 350 26112
32593 161 23767
32657 155 17441
32673 671 6084
32689 51 11941
32730 449 14900
800
18 126 7996
44 328 14998
117 24 9468
124 93 4530
200 195 26021
204 588 19152
303 171 25219
330 389 4633
447 468 9615
512 727 28811
562 29 22333
597 63 31717
745 127 20045
760 417 6133
771 88 24881
801 470 14281
818 375 27788
888 483 13979
947 142 7339
949 91 7093
951 386 23889
952 402 1151
962 289 17662
988 344 27364
994 294 2155
1073 99 26826
1102 286 5496
1114 328 26325
1143 61 1444
1172 421 9322
1186 31 2525
1223 13 2272
1289 448 16864
1294 358 32197
1325 679 32062
1364 428 3464
1378 161 11304
1427 366 28921
1444 459 1839
1467 295 13505
1534 36 14133
1546 398 12436
1587 358 24015
1593 585 2162
1627 324 28406
1629 65 24762
1716 172 24789
1826 225 27315
1843 606 3486
1870 651 25934
1914 187 19224
1932 153 26612
1942 247 30340
2015 389 11404
2037 67 9319
2058 717 23540
2161 452 24951
2167 426 8903
2176 263 23007
2250 477 12935
2289 170 19496
2332 468 10204
2359 430 6999
2398 588 19536
2412 71 10103
2463 687 2025
2471 238 18056
2488 61 24829
2510 44 727
2521 298 11306
2568 403 23947
2584 31 19858
2608 182 28492
2613 214 2139
2635 525 4644
2710 155 3331
2780 495 29955
2827 37 31192
2890 503 17085
2934 440 26176
2947 294 3775
2989 354 1335
2993 575 24653
3030 152 28131
3183 299 21362
3227 260 17542
3236 646 16945
3242 491 22383
3247 256 28845
3268 338 10590
3316 325 23568
3421 299 1877
3435 254 19285
3519 174 22363
3522 52 22402
3546 434 32336
3669 459 19174
3732 447 10683
3790 472 14566
3835 330 4844
3888 462 19425
3905 50 14781
3953 197 2466
3959 346 10066
4055 442 18769
4059 356 31661
4061 95 5188
4087 396 13031
4089 155 30371
4188 680 8745
4194 252 737
4231 259 24467
4237 585 18362
4353 490 22390
4427 9 536
4479 63 17279
4489 731 19589
4498 157 24109
4524 250 10153
4742 560 13283
4803 326 21535
4936 673 8422
4948 144 11001
4996 64 30212
5005 426 27115
5055 76 16544
5108 317 19607
5156 157 706
5250 280 31414
5285 598 14265
5417 68 2599
5496 127 3902
5584 463 16088
5587 621 13550
5610 387 2126
5650 196 851
5731 16 32051
5833 13 12137
5934 9 29362
5951 181 19326
5957 642 8755
6075 554 8269
6080 715 3509
6098 334 8082
6099 417 15794
6163 155 2589
6219 439 21400
6242 427 21951
6248 339 18085
6267 310 2492
6348 427 22904
6381 697 29763
6426 584 8110
6428 261 27645
6442 242 17913
6485 315 6411
6487 288 22185
6496 196 8003
6612 449 3181
6637 650 19357
6683 554 20875
6727 35 32137
6869 357 13517
6918 616 12696
6981 120 24800
6995 6 12261
7023 315 31963
7121 217 22194
7150 173 25806
7158 275 31312
7164 243 32301
7209 445 28460
7224 64 12304
7278 209 6747
7315 136 27327
7372 472 29677
7542 320 10372
7623 415 4574
7650 54 5437
7676 451 3583
7706 36 21462
7783 523 21861
7917 15 2165
7935 140 1870
7942 117 4616
8008 233 3661
8099 378 27506
8111 29 1390
8157 131 628
8198 106 27997
8202 390 16513
8217 739 32312
8358 229 6954
8390 462 21340
8406 553 15477
8413 194 11727
8439 155 29995
8462 467 4036
8471 11 28565
8570 676 764
8592 421 22476
8656 328 30502
8659 144 9366
8760 140 8142
8872 446 17977
8932 78 6594
8959 357 19608
9023 380 26960
9031 410 26812
9049 183 3936
9071 8 12959
9117 211 29006
9139 43 13281
9177 312 23107
9227 427 2252
9241 146 16541
9257 251 18295
9269 169 10548
9317 606 18597
9381 412 25529
9622 274 13113
9656 94 17662
9668 325 4471
9682 176 13323
9735 634 132
9776 351 9417
9869 79 8284
9880 318 11581
9887 240 32383
10051 314 7649
10124 95 24316
10139 340 3425
10140 361 2178
10177 353 8267
10312 68 21861
10479 32 14341
10516 280 24526
10520 442 16481
10525 13 25906
10566 706 8256
10613 487 3312
10664 2 26140
10726 19 19364
10740 375 4474
10770 681 6527
10823 4 7863
10877 405 12723
10903 463 24920
10908 312 22576
10926 55 4679
10928 309 2928
10991 793 16074
10992 266 16264
11062 80 20078
11101 8 26051
11132 334 23906
11150 154 14245
11193 428 25025
11201 311 11235
11203 478 11373
11243 621 7572
11254 318 15396
11281 452 10771
11323 91 17880
11368 199 30690
11421 557 20148
11491 193 28903
11707 252 2836
11766 124 18590
11812 323 5860
11819 469 29797
11945 210 1188
11950 343 6718
12009 156 13733
12047 247 20834
12122 67 30869
12175 138 16913
12188 99 8347
12276 356 17723
12370 59 32580
12396 32 13564
12459 138 6256
12509 47 29740
12594 259 1379
12609 311 27171
12655 374 32500
12666 469 31089
12703 400 30160
12716 406 5454
12790 274 31276
12837 257 26170
12871 467 10393
12893 554 16163
12899 480 19107
12921 260 4268
13007 190 8765
13045 473 29067
13068 482 12829
13076 588 9501
13116 473 19033
13196 473 357
13215 334 14809
13268 274 18968
13286 309 16592
13350 151 14051
13414 159 30804
13466 93 9876
13486 287 9724
13493 262 2356
13505 444 29898
13553 85 20940
13588 247 13259
13641 196 14610
13719 228 8009
13769 55 25602
13795 40 21951
13826 637 11307
13827 118 20361
13884 316 374
13902 689 25091
13968 486 25772
14022 365 10909
14025 487 17250
14036 131 27211
14041 271 6316
14055 479 11901
14091 586 8249
14105 80 2432
14107 62 29600
14150 484 17122
14275 75 4599
14279 591 8105
14427 242 18300
14445 3 24455
14447 407 4465
14466 269 23514
14496 303 30821
14541 87 17288
14636 302 23127
14648 440 18841
14706 351 8621
14828 290 2315
14848 399 13738
14853 66 31022
14855 418 32
14862 404 11398
14908 297 31878
14922 113 8381
14941 467 10181
14961 459 3997
14973 307 2851
15140 551 20129
15155 108 20873
15186 172 30997
15188 404 3496
15218 437 9957
15225 63 1580
15226 402 26284
15302 19 5441
15308 569 16455
15337 23 12392
15369 92 15081
15461 587 22538
15498 183 4042
15566 518 20404
15577 470 16450
15588 402 26801
15641 380 18295
15661 391 25294
15665 123 28173
15677 155 8500
15697 340 10550
15843 71 3296
15864 71 24467
15915 443 20149
15917 443 11181
15951 176 25364
15978 445 7565
15993 798 14111
15999 233 31235
16006 380 8420
16100 455 26331
16132 73 27116
16146 184 22980
16151 173 17200
16254 441 15072
16344 193 30753
16353 380 12557
16359 223 17952
16415 340 14565
16430 161 4053
16553 195 19807
16648 99 8055
16656 321 1356
16664 487 9133
16720 28 25936
16729 491 28275
16763 112 23262
16834 429 10199
16835 249 19642
16838 343 7089
16860 494 4303
16885 80 24990
16895 317 28866
17003 485 5232
17033 796 29371
17054 416 15971
17128 396 6109
17133 236 22695
17170 361 21830
17232 116 18937
17248 404 26421
17328 1 10215
17334 114 1969
17441 376 9362
17472 340 17671
17555 298 16038
17585 282 12984
17641 332 31032
17645 405 21588
17831 436 30136
17861 403 12379
17873 271 19752
17928 343 4835
17937 131 19242
17986 339 1656
17993 321 11655
17994 253 17253
17995 58 5440
18070 51 27832
18081 481 2842
18101 258 22522
18106 486 26610
18163 285 21244
18200 531 26710
18225 189 14388
18237 97 3162
18294 446 13930
18527 287 28434
18672 342 18871
18682 568 29460
18714 112 21050
18717 393 28590
18744 197 24735
18771 98 3900
18787 402 28222
18823 100 1260
18855 226 22028
18926 420 21455
18943 412 10376
18980 8 31591
19013 346 8593
19035 76 321
19041 399 3303
19059 174 10089
19089 463 11718
19205 20 12177
19281 188 1781
19302 147 12912
19371 258 3993
19444 162 21226
19488 15 14898
19489 16 24929
19500 201 30950
19569 253 25632
19635 157 30752
19683 340 16217
19772 411 7860
19789 147 24179
19821 311 19818
19846 255 18243
19868 316 8324
19917 291 3584
19942 254 18486
19946 199 6609
19958 378 22182
19975 72 11865
20000 645 9775
20006 376 19266
20057 362 21303
20078 282 18432
20087 468 10677
20096 313 5307
20104 41 7679
20158 25 7528
20196 219 5998
20212 602 14014
20225 578 646
20235 103 20117
20342 13 18867
20345 321 16161
20354 46 11788
20413 387 21866
20438 13 17509
20523 394 2759
20524 62 23488
20595 347 27482
20596 100 13592
20674 39 32578
20694 77 14336
20719 166 24459
20727 453 7858
20799 401 27688
20826 185 9244
20872 427 25727
20910 27 3873
20914 43 8558
20976 225 10071
20995 126 17092
21012 159 933
21081 302 12564
21236 585 16963
21241 269 28187
21313 139 32361
21385 208 23894
21435 262 9709
21445 296 7686
21507 353 29059
21514 415 31598
21547 186 24983
21549 400 2996
21602 155 3400
21624 203 26424
21634 20 15555
21684 235 13697
21697 63 4040
21770 215 7748
21938 245 271
21966 342 8614
22029 211 23365
22184 18 12754
22335 409 30811
22353 398 25705
22362 21 2331
22381 478 23096
22429 105 17561
22446 49 5765
22474 373 26349
22560 118 28777
22574 496 23635
22611 695 14026
22653 518 18906
22691 507 25749
22717 470 21572
22841 492 864
22842 261 27237
22858 150 20108
22872 379 18588
22874 353 31289
22912 259 18209
22925 90 18710
22968 414 27007
23099 424 2628
23189 654 18425
23222 287 13527
23299 211 10774
23334 496 12499
23547 385 4780
23578 393 28114
23594 402 16988
23612 488 3154
23675 520 28090
23694 498 30415
23709 447 27641
23834 153 24086
23855 184 20654
23875 252 14321
23910 38 30624
23943 84 32493
23973 169 10450
23981 79 20733
23999 354 5908
24031 200 2429
24070 153 27924
24141 347 7052
24160 269 4390
24230 428 3391
24235 434 19848
24285 25 1466
24389 416 1292
24423 558 26741
24431 327 28
24529 268 2619
24531 442 13972
24626 304 22625
24632 454 2847
24669 237 12495
24683 44 7505
24730 184 18253
24844 488 11114
25016 203 8833
25105 202 10989
25113 515 30801
25120 13 19281
25122 257 10007
25127 334 26981
25210 145 10740
25217 405 4685
25226 604 3530
25280 132 7495
25320 116 30840
25347 65 32739
25372 241 9641
25397 422 6902
25411 576 20436
25429 178 17008
25460 125 12137
25474 257 17151
25476 325 7135
25481 662 26197
25507 590 28843
25530 404 23944
25578 239 3225
25611 93 9623
25616 409 23073
25704 43 26494
25721 532 16206
25729 109 13311
25739 59 1762
25755 382 13076
25766 413 20565
25846 45 28332
25899 392 12584
25942 119 29012
25945 136 31892
25950 305 916
26008 116 19712
26016 190 10454
26038 8 28977
26136 140 20759
26157 674 2177
26193 247 12126
26255 596 26110
26327 190 19394
26348 449 16663
26349 111 27862
26380 441 18184
26447 105 5815
26461 160 12698
26572 88 5903
26613 207 15614
26652 83 14631
26724 110 205
26740 423 26490
26820 143 2554
26864 300 2466
26902 82 22980
27090 33 22066
27127 151 20892
27138 403 27335
27195 160 19461
27204 202 15682
27238 515 27919
27248 393 15723
27280 33 901
27286 106 1020
27312 315 26613
27325 449 24511
27351 21 9914
27376 462 5936
27431 56 31000
27448 163 1508
27492 295 18123
27510 369 31596
27556 122 13315
27559 360 17843
27602 6 30319
27637 414 9483
27683 493 29092
27691 85 10018
27746 323 16196
27761 70 11609
27806 485 10412
27880 400 24094
27982 54 2469
28025 396 27064
28027 223 4647
28032 493 22027
28079 114 8849
28112 57 9534
28258 80 10891
28263 442 26817
28270 294 28108
28298 357 23647
28304 129 23472
28311 632 32263
28322 237 18246
28337 405 6758
28397 398 26111
28471 50 7835
28512 454 3143
28675 239 15835
28696 429 29147
28709 305 12243
28788 204 25817
28817 100 24985
28880 229 10235
28899 5 28772
28908 67 22512
28960 163 29124
28973 74 32653
28987 429 660
29037 470 29532
29077 417 4644
29112 35 24521
29155 391 12343
29162 334 9146
29197 696 9297
29201 467 24274
29247 345 20628
29257 405 10156
29274 214 16976
29294 161 358
29409 454 6251
29449 91 18612
29464 25 28394
29500 254 9047
29507 79 31120
29564 337 23921
29589 228 1366
29632 84 14882
29642 339 20613
29647 576 22831
29662 159 30548
29709 19 10685
29719 53 16199
29814 316 20301
29856 772 749
29905 72 12713
29975 172 21205
30025 315 1350
30036 99 28388
30037 85 22755
30038 207 22602
30124 511 1804
30186 461 32006
30236 7 13342
30302 465 18261
30312 255 3573
30341 220 4424
30345 423 8867
30418 52 30587
30449 544 31348
30501 379 10934
30521 21 2304
30525 231 19779
30531 219 18674
30539 481 3529
30559 178 3462
30600 163 22898
30670 362 18124
30678 379 19834
30690 240 32456
30701 458 26349
30704 199 5992
30726 201 23593
30790 303 3431
30933 677 8361
30961 24 29172
30970 578 2092
31015 269 27321
31027 335 12116
31140 285 6984
31275 278 23978
31288 694 17115
31439 401 19166
31457 564 1651
31459 662 28404
31532 270 28967
31603 111 9646
31651 426 20163
31726 128 15878
31882 522 29873
31906 666 15832
31913 41 27961
32001 398 11647
32019 182 22786
32027 269 8419
32028 149 20417
32036 407 8840
32050 332 14720
32056 206 5747
32111 196 23387
32117 57 2292
32132 107 25298
32193 275 6722
32195 57 12333
32224 66 32459
32298 421 23920
32299 198 12451
32466 523 13131
32520 139 14747
32522 469 15626
32569 606 3286
32585 350 26112
32593 161 23767
32657 155 17441
32673 671 6084
32689 51 11941
32730 449 14900
900
18 126 7996
44 328 14998
117 24 9468
124 93 4530
200 195 26021
204 588 19152
303 171 25219
330 389 4633
363 482 7213
447 468 9615
512 727 28811
562 29 22333
597 63 31717
745 127 20045
760 417 6133
771 88 24881
801 470 14281
818 375 27788
888 483 13979
947 142 7339
949 91 7093
951 386 23889
952 402 1151
962 289 17662
988 344 27364
994 294 2155
1073 99 26826
1102 286 5496
1114 328 26325
1143 61 1444
1172 421 9322
1186 31 2525
1223 13 2272
1252 770 1376
1289 448 16864
1294 358 32197
1325 679 32062
1364 428 3464
1378 161 11304
1427 366 28921
1444 459 1839
1467 295 13505
1534 36 14133
1546 398 12436
1587 358 24015
1593 585 2162
1627 324 28406
1629 65 24762
1716 172 24789
1751 46 21556
1826 225 27315
1843 606 3486
1870 651 25934
1914 187 19224
1932 153 26612
1942 247 30340
2015 389 11404
2037 67 9319
2058 717 23540
2130 94 16443
2161 452 24951
2167 426 8903
2176 263 23007
2247 266 17489
2250 477 12935
2289 170 19496
2332 468 10204
2359 430 6999
2398 588 19536
2412 71 10103
2463 687 2025
2471 238 18056
2488 61 24829
2510 44 727
2521 298 11306
2568 403 23947
2584 31 19858
2608 182 28492
2613 214 2139
2635 525 4644
2693 556 9343
2706 301 13458
2710 155 3331
2780 495 29955
2827 37 31192
2890 503 17085
2934 440 26176
2947 294 3775
2989 354 1335
2993 575 24653
3030 152 28131
3183 299 21362
3227 260 17542
3236 646 16945
3242 491 22383
3247 256 28845
3268 338 10590
3316 325 23568
3386 361 15389
3403 493 6094
3408 107 5135
3421 299 1877
3435 254 19285
3519 174 22363
3522 52 22402
3546 434 32336
3669 459 19174
3732 447 10683
3790 472 14566
3816 649 2551
3835 330 4844
3888 462 19425
3905 50 14781
3953 197 2466
3959 346 10066
4032 551 23387
4033 55 31695
4055 442 18769
4059 356 31661
4061 95 5188
4081 259 14814
4087 396 13031
4089 155 30371
4188 680 8745
4194 252 737
4231 259 24467
4237 585 18362
4353 490 22390
4427 9 536
4479 63 17279
4489 731 19589
4498 157 24109
4524 250 10153
4534 316 13476
4612 688 21250
4742 560 13283
4803 326 21535
4936 673 8422
4948 144 11001
4976 632 19107
4996 64 30212
5005 426 27115
5055 76 16544
5108 317 19607
5156 157 706
5250 280 31414
5285 598 14265
5293 659 26959
5417 68 2599
5496 127 3902
5584 463 16088
5587 621 13550
5610 387 2126
5650 196 851
5731 16 32051
5833 13 12137
5934 9 29362
5951 181 19326
5957 642 8755
6075 554 8269
6080 715 3509
6098 334 8082
6099 417 15794
6163 155 2589
6219 439 21400
6242 427 21951
6248 339 18085
6267 310 2492
6348 427 22904
6381 697 29763
6426 584 8110
6428 261 27645
6442 242 17913
6485 315 6411
6487 288 22185
6496 196 8003
6612 449 3181
6637 650 19357
6683 554 20875
6727 35 32137
6869 357 13517
6876 24 24999
6918 616 12696
6981 120 24800
6995 6 12261
7023 315 31963
7075 894 21428
7121 217 22194
7150 173 25806
7158 275 31312
7164 243 32301
7209 445 28460
7224 64 12304
7278 209 6747
7315 136 27327
7372 472 29677
7542 320 10372
7560 850 11271
7623 415 4574
7650 54 5437
7676 451 3583
7698 80 24497
7706 36 21462
7734 605 9517
7783 523 21861
7869 97 23689
7917 15 2165
7935 140 1870
7942 117 4616
8008 233 3661
8099 378 27506
8111 29 1390
8157 131 628
8184 47 28599
8198 106 27997
8202 390 16513
8217 739 32312
8358 229 6954
8390 462 21340
8406 553 15477
8413 194 11727
8439 155 29995
8453 315 27204
8462 467 4036
8471 11 28565
8570 676 764
8592 421 22476
8656 328 30502
8659 144 9366
8714 127 25181
8760 140 8142
8864 80 11551
8872 446 17977
8932 78 6594
8959 357 19608
9023 380 26960
9031 410 26812
9049 183 3936
9071 8 12959
9117 211 29006
9139 43 13281
9177 312 23107
9227 427 2252
9241 146 16541
9257 251 18295
9262 550 28210
9269 169 10548
9317 606 18597
9372 659 17025
9381 412 25529
9622 274 13113
9656 94 17662
9662 447 9435
9668 325 4471
9682 176 13323
9735 634 132
9776 351 9417
9869 79 8284
9880 318 11581
9887 240 32383
9954 568 15164
10051 314 7649
10124 95 24316
10139 340 3425
10140 361 2178
10177 353 8267
10312 68 21861
10479 32 14341
10516 280 24526
10520 442 16481
10525 13 25906
10566 706 8256
10573 883 28396
10613 487 3312
10664 2 26140
10682 424 1658
10726 19 19364
10740 375 4474
10770 681 6527
10823 4 7863
10877 405 12723
10903 463 24920
10908 312 22576
10926 55 4679
10928 309 2928
10991 793 16074
10992 266 16264
11062 80 20078
11101 8 26051
11132 334 23906
11150 154 14245
11193 428 25025
11201 311 11235
11203 478 11373
11243 621 7572
11254 318 15396
11281 452 10771
11307 515 31280
11323 91 17880
11333 536 10235
11368 199 30690
11421 557 20148
11476 57 13261
11491 193 28903
11707 252 2836
11766 124 18590
11812 323 5860
11819 469 29797
11945 210 1188
11950 343 6718
12009 156 13733
12047 247 20834
12059 262 13920
12122 67 30869
12175 138 16913
12188 99 8347
12276 356 17723
12370 59 32580
12382 898 5681
12396 32 13564
12459 138 6256
12509 47 29740
12594 259 1379
12609 311 27171
12636 416 17293
12655 374 32500
12666 469 31089
12703 400 30160
12716 406 5454
12790 274 31276
12837 257 26170
12871 467 10393
12893 554 16163
12899 480 19107
12921 260 4268
13007 190 8765
13045 473 29067
13068 482 12829
13076 588 9501
13099 797 3832
13116 473 19033
13196 473 357
13215 334 14809
13268 274 18968
13286 309 16592
13350 151 14051
13414 159 30804
13443 836 2705
13466 93 9876
13486 287 9724
13493 262 2356
13505 444 29898
13526 306 28818
13553 85 20940
13588 247 13259
13617 168 4014
13641 196 14610
13719 228 8009
13769 55 25602
13795 40 21951
13826 637 11307
13827 118 20361
13884 316 374
13902 689 25091
13958 26 12866
13968 486 25772
14022 365 10909
14025 487 17250
14036 131 27211
14041 271 6316
14055 479 11901
14091 586 8249
14105 80 2432
14107 62 29600
14150 484 17122
14275 75 4599
14279 591 8105
14427 242 18300
14445 3 24455
14447 407 4465
14466 269 23514
14496 303 30821
14517 40 11824
14541 87 17288
14636 302 23127
14648 440 18841
14706 351 8621
14828 290 2315
14846 235 16013
14848 399 13738
14853 66 31022
14855 418 32
14862 404 11398
14908 297 31878
14922 113 8381
14941 467 10181
14961 459 3997
14973 307 2851
15009 295 17433
15140 551 20129
15155 108 20873
15186 172 30997
15188 404 3496
15218 437 9957
15225 63 1580
15226 402 26284
15266 892 12915
15302 19 5441
15308 569 16455
15337 23 12392
15369 92 15081
15377 6 8403
15461 587 22538
15498 183 4042
15566 518 20404
15577 470 16450
15588 402 26801
15641 380 18295
15661 391 25294
15665 123 28173
15677 155 8500
15697 340 10550
15843 71 3296
15864 71 24467
15889 736 29603
15915 443 20149
15917 443 11181
15951 176 25364
15978 445 7565
15993 798 14111
15999 233 31235
16006 380 8420
16100 455 26331
16132 73 27116
16146 184 22980
16151 173 17200
16254 441 15072
16344 193 30753
16353 380 12557
16359 223 17952
16415 340 14565
16430 161 4053
16553 195 19807
16648 99 8055
16656 321 1356
16664 487 9133
16720 28 25936
16729 491 28275
16763 112 23262
16834 429 10199
16835 249 19642
16838 343 7089
16860 494 4303
16885 80 24990
16895 317 28866
17003 485 5232
17033 796 29371
17054 416 15971
17128 396 6109
17133 236 22695
17170 361 21830
17232 116 18937
17248 404 26421
17328 1 10215
17334 114 1969
17441 376 9362
17472 340 17671
17505 658 22802
17555 298 16038
17585 282 12984
17641 332 31032
17645 405 21588
17831 436 30136
17861 403 12379
17873 271 19752
17928 343 4835
17937 131 19242
17980 44 1057
17986 339 1656
17993 321 11655
17994 253 17253
17995 58 5440
18070 51 27832
18081 481 2842
18101 258 22522
18106 486 26610
18163 285 21244
18167 113 24573
18200 531 26710
18225 189 14388
18237 97 3162
18294 446 13930
18319 486 16980
18527 287 28434
18672 342 18871
18682 568 29460
18714 112 21050
18717 393 28590
18744 197 24735
18771 98 3900
18787 402 28222
18823 100 1260
18855 226 22028
18926 420 21455
18943 412 10376
18980 8 31591
19013 346 8593
19035 76 321
19041 399 3303
19059 174 10089
19089 463 11718
19135 13 19795
19205 20 12177
19281 188 1781
19302 147 12912
19371 258 3993
19444 162 21226
19446 340 19409
19454 409 14559
19488 15 14898
19489 16 24929
19500 201 30950
19523 770 22610
19569 253 25632
19635 157 30752
19683 340 16217
19772 411 7860
19789 147 24179
19821 311 19818
19846 255 18243
19868 316 8324
19917 291 3584
19942 254 18486
19946 199 6609
19958 378 22182
19975 72 11865
20000 645 9775
20006 376 19266
20057 362 21303
20078 282 18432
20087 468 10677
20096 313 5307
20104 41 7679
20158 25 7528
20196 219 5998
20212 602 14014
20225 578 646
20233 170 28239
20235 103 20117
20342 13 18867
20345 321 16161
20354 46 11788
20413 387 21866
20438 13 17509
20471 387 5132
20523 394 2759
20524 62 23488
20595 347 27482
20596 100 13592
20674 39 32578
20694 77 14336
20719 166 24459
20727 453 7858
20799 401 27688
20826 185 9244
20872 427 25727
20889 607 4590
20910 27 3873
20914 43 8558
20976 225 10071
20982 354 27014
20995 126 17092
21012 159 933
21081 302 12564
21236 585 16963
21241 269 28187
21313 139 32361
21385 208 23894
21431 438 19747
21435 262 9709
21445 296 7686
21507 353 29059
21514 415 31598
21547 186 24983
21549 400 2996
21602 155 3400
21624 203 26424
21634 20 15555
21651 818 27818
21684 235 13697
21697 63 4040
21770 215 7748
21829 506 16267
21879 637 10872
21938 245 271
21966 342 8614
22029 211 23365
22064 286 12134
22184 18 12754
22294 319 8328
22335 409 30811
22353 398 25705
22362 21 2331
22381 478 23096
22429 105 17561
22446 49 5765
22474 373 26349
22560 118 28777
22574 496 23635
22611 695 14026
22651 855 28848
22653 518 18906
22691 507 25749
22717 470 21572
22841 492 864
22842 261 27237
22858 150 20108
22872 379 18588
22874 353 31289
22912 259 18209
22925 90 18710
22968 414 27007
23099 424 2628
23189 654 18425
23222 287 13527
23299 211 10774
23334 496 12499
23547 385 4780
23570 194 26531
23578 393 28114
23594 402 16988
23612 488 3154
23675 520 28090
23694 498 30415
23709 447 27641
23834 153 24086
23855 184 20654
23875 252 14321
23910 38 30624
23943 84 32493
23973 169 10450
23978 271 4407
23981 79 20733
23999 354 5908
24031 200 2429
24070 153 27924
24141 347 7052
24160 269 4390
24230 428 3391
24235 434 19848
24285 25 1466
24389 416 1292
24423 558 26741
24431 327 28
24529 268 2619
24531 442 13972
24626 304 22625
24632 454 2847
24669 237 12495
24683 44 7505
24730 184 18253
24844 488 11114
24907 482 28203
24962 199 19043
25016 203 8833
25105 202 10989
25113 515 30801
25120 13 19281
25122 257 10007
25127 334 26981
25147 131 8724
25210 145 10740
25217 405 4685
25226 604 3530
25280 132 7495
25320 116 30840
25347 65 32739
25372 241 9641
25397 422 6902
25411 576 20436
25429 178 17008
25460 125 12137
25474 257 17151
25476 325 7135
25481 662 26197
25507 590 28843
25530 404 23944
25578 239 3225
25611 93 9623
25616 409 23073
25704 43 26494
25721 532 16206
25729 109 13311
25739 59 1762
25755 382 13076
25766 413 20565
25807 695 6422
25840 194 5185
25846 45 28332
25899 392 12584
25902 38 20547
25942 119 29012
25945 136 31892
25950 305 916
26008 116 19712
26016 190 10454
26038 8 28977
26136 140 20759
26157 674 2177
26193 247 12126
26255 596 26110
26283 71 25510
26327 190 19394
26348 449 16663
26349 111 27862
26380 441 18184
26447 105 5815
26461 160 12698
26506 200 19311
26572 88 5903
26613 207 15614
26652 83 14631
26724 110 205
26740 423 26490
26820 143 2554
26864 300 2466
26902 82 22980
27090 33 22066
27127 151 20892
27138 403 27335
27195 160 19461
27204 202 15682
27238 515 27919
27248 393 15723
27280 33 901
27284 676 13318
27286 106 1020
27312 315 26613
27325 449 24511
27351 21 9914
27362 722 18800
27376 462 5936
27431 56 31000
27448 163 1508
27492 295 18123
27510 369 31596
27556 122 13315
27559 360 17843
27602 6 30319
27637 414 9483
27656 361 9835
27663 271 3528
27683 493 29092
27691 85 10018
27698 438 23695
27746 323 16196
27761 70 11609
27806 485 10412
27880 400 24094
27982 54 2469
28025 396 27064
28027 223 4647
28032 493 22027
28079 114 8849
28112 57 9534
28258 80 10891
28263 442 26817
28270 294 28108
28298 357 23647
28304 129 23472
28311 632 32263
28322 237 18246
28332 37 8128
28337 405 6758
28397 398 26111
28406 725 26462
28471 50 7835
28512 454 3143
28521 402 28103
28675 239 15835
28696 429 29147
28709 305 12243
28788 204 25817
28817 100 24985
28880 229 10235
28899 5 28772
28908 67 22512
28960 163 29124
28973 74 32653
28987 429 660
29037 470 29532
29048 512 25170
29077 417 4644
29112 35 24521
29155 391 12343
29162 334 9146
29197 696 9297
29201 467 24274
29247 345 20628
29257 405 10156
29274 214 16976
29294 161 358
29409 454 6251
29449 91 18612
29464 25 28394
29500 254 9047
29507 79 31120
29530 96 31371
29535 458 13813
29545 370 14338
29564 337 23921
29589 228 1366
29632 84 14882
29642 339 20613
29647 576 22831
29662 159 30548
29709 19 10685
29719 53 16199
29775 576 7264
29814 316 20301
29856 772 749
29905 72 12713
29975 172 21205
30025 315 1350
30036 99 28388
30037 85 22755
30038 207 22602
30124 511 1804
30186 461 32006
30196 167 21445
30236 7 13342
30302 465 18261
30312 255 3573
30341 220 4424
30345 423 8867
30418 52 30587
30449 544 31348
30501 379 10934
30521 21 2304
30525 231 19779
30531 219 18674
30539 481 3529
30559 178 3462
30600 163 22898
30670 362 18124
30675 197 200
30678 379 19834
30690 240 32456
30701 458 26349
30704 199 5992
30726 201 23593
30787 747 8879
30790 303 3431
30907 421 32308
30933 677 8361
30961 24 29172
30970 578 2092
31015 269 27321
31027 335 12116
31140 285 6984
31275 278 23978
31288 694 17115
31439 401 19166
31457 564 1651
31459 662 28404
31532 270 28967
31603 111 9646
31651 426 20163
31662 429 9678
31726 128 15878
31882 522 29873
31906 666 15832
31913 41 27961
32001 398 11647
32019 182 22786
32027 269 8419
32028 149 20417
32036 407 8840
32050 332 14720
32056 206 5747
32111 196 23387
32117 57 2292
32132 107 25298
32147 884 24193
32193 275 6722
32195 57 12333
32224 66 32459
32298 421 23920
32299 198 12451
32317 476 14859
32466 523 13131
32520 139 14747
32522 469 15626
32569 606 3286
32585 350 26112
32593 161 23767
32657 155 17441
32673 671 6084
32689 51 11941
32730 449 14900
1000
18 126 7996
44 328 14998
117 24 9468
124 93 4530
200 195 26021
204 588 19152
254 839 29772
303 171 25219
330 389 4633
363 482 7213
447 468 9615
512 727 28811
562 29 22333
597 63 31717
675 225 20309
745 127 20045
760 417 6133
771 88 24881
786 487 15706
801 470 14281
818 375 27788
888 483 13979
947 142 7339
949 91 7093
951 386 23889
952 402 1151
962 289 17662
988 344 27364
994 294 2155
999 285 26453
1073 99 26826
1102 286 5496
1114 328 26325
1117 233 17291
1143 61 1444
1172 421 9322
1186 31 2525
1223 13 2272
1232 234 1850
1250 295 9352
1252 770 1376
1289 448 16864
1294 358 32197
1325 679 32062
1364 428 3464
1378 161 11304
1427 366 28921
1444 459 1839
1467 295 13505
1534 36 14133
1546 398 12436
1580 378 26274
1587 358 24015
1593 585 2162
1627 324 28406
1629 65 24762
1688 794 16112
1716 172 24789
1751 46 21556
1826 225 27315
1843 606 3486
1870 651 25934
1914 187 19224
1932 153 26612
1942 247 30340
2015 389 11404
2037 67 9319
2058 717 23540
2097 350 23800
2125 392 25856
2130 94 16443
2161 452 24951
2167 426 8903
2176 263 23007
2247 266 17489
2250 477 12935
2264 726 30885
2275 81 8903
2289 170 19496
2332 468 10204
2359 430 6999
2398 588 19536
2412 71 10103
2463 687 2025
2471 238 18056
2488 61 24829
2510 44 727
2521 298 11306
2568 403 23947
2584 31 19858
2608 182 28492
2613 214 2139
2635 525 4644
2690 7 21592
2693 556 9343
2706 301 13458
2710 155 3331
2780 495 29955
2827 37 31192
2890 503 17085
2899 254 27818
2934 440 26176
2947 294 3775
2989 354 1335
2993 575 24653
3030 152 28131
3183 299 21362
3216 456 12646
3227 260 17542
3236 646 16945
3242 491 22383
3247 256 28845
3268 338 10590
3316 325 23568
3327 166 14907
3386 361 15389
3403 493 6094
3408 107 5135
3421 299 1877
3435 254 19285
3519 174 22363
3522 52 22402
3536 10 14890
3546 434 32336
3669 459 19174
3684 69 17523
3695 122 14244
3732 447 10683
3790 472 14566
3816 649 2551
3825 892 29351
3835 330 4844
3888 462 19425
3893 318 12759
3905 50 14781
3953 197 2466
3959 346 10066
4032 551 23387
4033 55 31695
4055 442 18769
4059 356 31661
4061 95 5188
4081 259 14814
4087 396 13031
4089 155 30371
4188 680 8745
4194 252 737
4231 259 24467
4237 585 18362
4353 490 22390
4427 9 536
4479 63 17279
4489 731 19589
4498 157 24109
4524 250 10153
4534 316 13476
4612 688 21250
4711 245 15163
4742 560 13283
4803 326 21535
4936 673 8422
4948 144 11001
4976 632 19107
4996 64 30212
5005 426 27115
5055 76 16544
5108 317 19607
5156 157 706
5250 280 31414
5285 598 14265
5293 659 26959
5417 68 2599
5496 127 3902
5584 463 16088
5587 621 13550
5610 387 2126
5650 196 851
5731 16 32051
5800 562 29751
5811 400 18219
5828 817 9352
5833 13 12137
5934 9 29362
5951 181 19326
5957 642 8755
6075 554 8269
6080 715 3509
6098 334 8082
6099 417 15794
6163 155 2589
6219 439 21400
6242 427 21951
6248 339 18085
6267 310 2492
6348 427 22904
6381 697 29763
6426 584 8110
6428 261 27645
6442 242 17913
6459 831 10953
6472 77 24508
6485 315 6411
6487 288 22185
6496 196 8003
6612 449 3181
6637 650 19357
6664 70 13271
6683 554 20875
6727 35 32137
6852 945 13678
6869 357 13517
6876 24 24999
6918 616 12696
6981 120 24800
6995 6 12261
7023 315 31963
7075 894 21428
7121 217 22194
7150 173 25806
7158 275 31312
7164 243 32301
7209 445 28460
7224 64 12304
7278 209 6747
7315 136 27327
7372 472 29677
7542 320 10372
7560 850 11271
7592 368 14542
7623 415 4574
7650 54 5437
7670 449 9326
7676 451 3583
7698 80 24497
7706 36 21462
7734 605 9517
7783 523 21861
7869 97 23689
7917 15 2165
7935 140 1870
7942 117 4616
8008 233 3661
8099 378 27506
8111 29 1390
8157 131 628
8184 47 28599
8198 106 27997
8202 390 16513
8217 739 32312
8294 175 10517
8358 229 6954
8387 348 447
8390 462 21340
8406 553 15477
8413 194 11727
8439 155 29995
8446 924 31922
8453 315 27204
8462 467 4036
8471 11 28565
8570 676 764
8592 421 22476
8646 438 32724
8656 328 30502
8659 144 9366
8714 127 25181
8760 140 8142
8864 80 11551
8872 446 17977
8932 78 6594
8959 357 19608
9023 380 26960
9031 410 26812
9049 183 3936
9071 8 12959
9117 211 29006
9139 43 13281
9177 312 23107
9227 427 2252
9241 146 16541
9257 251 18295
9262 550 28210
9269 169 10548
9317 606 18597
9372 659 17025
9381 412 25529
9518 768 26519
9622 274 13113
9656 94 17662
9662 447 9435
9668 325 4471
9682 176 13323
9735 634 132
9776 351 9417
9869 79 8284
9880 318 11581
9887 240 32383
9954 568 15164
10030 782 27544
10051 314 7649
10124 95 24316
10139 340 3425
10140 361 2178
10177 353 8267
10312 68 21861
10479 32 14341
10516 280 24526
10520 442 16481
10525 13 25906
10566 706 8256
10573 883 28396
10613 487 3312
10664 2 26140
10682 424 1658
10726 19 19364
10740 375 4474
10770 681 6527
10823 4 7863
10877 405 12723
10903 463 24920
10908 312 22576
10926 55 4679
10928 309 2928
10991 793 16074
10992 266 16264
11062 80 20078
11101 8 26051
11132 334 23906
11150 154 14245
11193 428 25025
11201 311 11235
11203 478 11373
11243 621 7572
11254 318 15396
11281 452 10771
11307 515 31280
11323 91 17880
11333 536 10235
11368 199 30690
11421 557 20148
11468 124 10333
11476 57 13261
11491 193 28903
11707 252 2836
11766 124 18590
11810 975 4254
11812 323 5860
11819 469 29797
11840 845 29387
11845 48 14757
11945 210 1188
11950 343 6718
12009 156 13733
12047 247 20834
12059 262 13920
12122 67 30869
12175 138 16913
12188 99 8347
12276 356 17723
12370 59 32580
12382 898 5681
12396 32 13564
12459 138 6256
12509 47 29740
12594 259 1379
12609 311 27171
12636 416 17293
12655 374 32500
12666 469 31089
12703 400 30160
12716 406 5454
12790 274 31276
12837 257 26170
12871 467 10393
12893 554 16163
12899 480 19107
12921 260 4268
13007 190 8765
13018 235 6222
13045 473 29067
13068 482 12829
13076 588 9501
13099 797 3832
13116 473 19033
13194 792 26174
13196 473 357
13215 334 14809
13268 274 18968
13286 309 16592
13338 694 32060
13350 151 14051
13414 159 30804
13443 836 2705
13466 93 9876
13486 287 9724
13493 262 2356
13505 444 29898
13526 306 28818
13553 85 20940
13588 247 13259
13599 432 19152
13617 168 4014
13641 196 14610
13719 228 8009
13769 55 25602
13795 40 21951
13826 637 11307
13827 118 20361
13884 316 374
13902 689 25091
13958 26 12866
13968 486 25772
14022 365 10909
14025 487 17250
14036 131 27211
14041 271 6316
14055 479 11901
14091 586 8249
14105 80 2432
14107 62 29600
14150 484 17122
14250 731 20363
14275 75 4599
14279 591 8105
14427 242 18300
14442 398 31172
14445 3 24455
14447 407 4465
14466 269 23514
14496 303 30821
14517 40 11824
14541 87 17288
14636 302 23127
14648 440 18841
14706 351 8621
14828 290 2315
14846 235 16013
14848 399 13738
14853 66 31022
14855 418 32
14862 404 11398
14908 297 31878
14922 113 8381
14941 467 10181
14961 459 3997
14973 307 2851
15009 295 17433
15045 921 23479
15140 551 20129
15155 108 20873
15186 172 30997
15188 404 3496
15218 437 9957
15225 63 1580
15226 402 26284
15236 4 3241
15266 892 12915
15302 19 5441
15308 569 16455
15337 23 12392
15369 92 15081
15377 6 8403
15461 587 22538
15477 296 14070
15498 183 4042
15566 518 20404
15577 470 16450
15588 402 26801
15641 380 18295
15661 391 25294
15665 123 28173
15677 155 8500
15697 340 10550
15759 943 6516
15843 71 3296
15864 71 24467
15889 736 29603
15915 443 20149
15917 443 11181
15951 176 25364
15978 445 7565
15993 798 14111
15999 233 31235
16006 380 8420
16099 133 23576
16100 455 26331
16132 73 27116
16146 184 22980
16151 173 17200
16254 441 15072
16344 193 30753
16353 380 12557
16359 223 17952
16415 340 14565
16430 161 4053
16553 195 19807
16648 99 8055
16656 321 1356
16664 487 9133
16720 28 25936
16729 491 28275
16763 112 23262
16834 429 10199
16835 249 19642
16838 343 7089
16860 494 4303
16885 80 24990
16895 317 28866
17003 485 5232
17033 796 29371
17054 416 15971
17128 396 6109
17133 236 22695
17170 361 21830
17232 116 18937
17248 404 26421
17278 149 15598
17328 1 10215
17334 114 1969
17441 376 9362
17472 340 17671
17505 658 22802
17555 298 16038
17585 282 12984
17641 332 31032
17645 405 21588
17831 436 30136
17861 403 12379
17873 271 19752
17928 343 4835
17937 131 19242
17980 44 1057
17986 339 1656
17993 321 11655
17994 253 17253
17995 58 5440
18070 51 27832
18081 481 2842
18084 342 3386
18101 258 22522
18104 64 12816
18106 486 26610
18163 285 21244
18167 113 24573
18200 531 26710
18225 189 14388
18237 97 3162
18294 446 13930
18319 486 16980
18413 181 3303
18476 76 24018
18527 287 28434
18541 253 30290
18672 342 18871
18682 568 29460
18714 112 21050
18717 393 28590
18744 197 24735
18771 98 3900
18787 402 28222
18819 914 28530
18823 100 1260
18855 226 22028
18900 597 9642
18926 420 21455
18943 412 10376
18980 8 31591
19013 346 8593
19025 366 17194
19035 76 321
19041 399 3303
19059 174 10089
19089 463 11718
19135 13 19795
19205 20 12177
19281 188 1781
19302 147 12912
19339 793 14290
19371 258 3993
19444 162 21226
19446 340 19409
19454 409 14559
19488 15 14898
19489 16 24929
19500 201 30950
19523 770 22610
19543 900 26165
19569 253 25632
19635 157 30752
19683 340 16217
19772 411 7860
19789 147 24179
19821 311 19818
19846 255 18243
19868 316 8324
19917 291 3584
19942 254 18486
19946 199 6609
19958 378 22182
19975 72 11865
19999 789 17506
20000 645 9775
20006 376 19266
20057 362 21303
20078 282 18432
20087 468 10677
20096 313 5307
20104 41 7679
20109 941 25598
20158 25 7528
20196 219 5998
20212 602 14014
20225 578 646
20233 170 28239
20235 103 20117
20342 13 18867
20345 321 16161
20354 46 11788
20413 387 21866
20438 13 17509
20445 326 27297
20471 387 5132
20523 394 2759
20524 62 23488
20595 347 27482
20596 100 13592
20641 857 3868
20674 39 32578
20694 77 14336
20719 166 24459
20727 453 7858
20785 386 29200
20799 401 27688
20826 185 9244
20872 427 25727
20889 607 4590
20910 27 3873
20914 43 8558
20976 225 10071
20982 354 27014
20995 126 17092
21012 159 933
21081 302 12564
21236 585 16963
21241 269 28187
21313 139 32361
21385 208 23894
21431 438 19747
21435 262 9709
21445 296 7686
21507 353 29059
21514 415 31598
21547 186 24983
21549 400 2996
21602 155 3400
21612 44 12128
21624 203 26424
21634 20 15555
21651 818 27818
21684 235 13697
21697 63 4040
21770 215 7748
21802 916 25381
21829 506 16267
21879 637 10872
21938 245 271
21966 342 8614
22029 211 23365
22035 119 18099
22064 286 12134
22165 335 24354
22184 18 12754
22294 319 8328
22335 409 30811
22353 398 25705
22362 21 2331
22381 478 23096
22429 105 17561
22446 49 5765
22474 373 26349
22560 118 28777
22574 496 23635
22611 695 14026
22651 855 28848
22653 518 18906
22691 507 25749
22717 470 21572
22841 492 864
22842 261 27237
22858 150 20108
22872 379 18588
22874 353 31289
22912 259 18209
22925 90 18710
22968 414 27007
23073 237 29277
23099 424 2628
23134 642 730
23189 654 18425
23222 287 13527
23299 211 10774
23334 496 12499
23547 385 4780
23570 194 26531
23578 393 28114
23594 402 16988
23612 488 3154
23675 520 28090
23694 498 30415
23709 447 27641
23834 153 24086
23855 184 20654
23875 252 14321
23910 38 30624
23943 84 32493
23973 169 10450
23978 271 4407
23981 79 20733
23999 354 5908
24031 200 2429
24035 636 27381
24070 153 27924
24141 347 7052
24160 269 4390
24230 428 3391
24235 434 19848
24285 25 1466
24389 416 1292
24423 558 26741
24431 327 28
24529 268 2619
24531 442 13972
24626 304 22625
24632 454 2847
24669 237 12495
24683 44 7505
24686 465 6179
24730 184 18253
24844 488 11114
24907 482 28203
24962 199 19043
24971 795 18897
25016 203 8833
25105 202 10989
25113 515 30801
25120 13 19281
25122 257 10007
25127 334 26981
25147 131 8724
25210 145 10740
25217 405 4685
25226 604 3530
25280 132 7495
25320 116 30840
25347 65 32739
25372 241 9641
25397 422 6902
25411 576 20436
25429 178 17008
25460 125 12137
25474 257 17151
25476 325 7135
25481 662 26197
25507 590 28843
25530 404 23944
25578 239 3225
25611 93 9623
25616 409 23073
25704 43 26494
25721 532 16206
25729 109 13311
25739 59 1762
25746 184 17222
25755 382 13076
25766 413 20565
25807 695 6422
25840 194 5185
25846 45 28332
25899 392 12584
25902 38 20547
25942 119 29012
25945 136 31892
25950 305 916
26008 116 19712
26016 190 10454
26038 8 28977
26134 162 5103
26136 140 20759
26157 674 2177
26193 247 12126
26255 596 26110
26283 71 25510
26327 190 19394
26348 449 16663
26349 111 27862
26380 441 18184
26447 105 5815
26461 160 12698
26506 200 19311
26572 88 5903
26613 207 15614
26652 83 14631
26724 110 205
26740 423 26490
26820 143 2554
26844 597 22524
26864 300 2466
26902 82 22980
27090 33 22066
27127 151 20892
27138 403 27335
27195 160 19461
27204 202 15682
27238 515 27919
27248 393 15723
27280 33 901
27284 676 13318
27286 106 1020
27312 315 26613
27325 449 24511
27343 654 874
27351 21 9914
27362 722 18800
27376 462 5936
27431 56 31000
27448 163 1508
27492 295 18123
27510 369 31596
27556 122 13315
27559 360 17843
27602 6 30319
27607 786 17399
27637 414 9483
27656 361 9835
27663 271 3528
27665 987 12879
27683 493 29092
27691 85 10018
27698 438 23695
27746 323 16196
27761 70 11609
27791 101 15456
27806 485 10412
27880 400 24094
27917 139 5492
27982 54 2469
28025 396 27064
28027 223 4647
28032 493 22027
28066 567 2913
28079 114 8849
28082 929 976
28100 166 7197
28112 57 9534
28258 80 10891
28263 442 26817
28270 294 28108
28298 357 23647
28304 129 23472
28311 632 32263
28322 237 18246
28332 37 8128
28337 405 6758
28397 398 26111
28406 725 26462
28471 50 7835
28512 454 3143
28521 402 28103
28629 15 7908
28675 239 15835
28696 429 29147
28709 305 12243
28788 204 25817
28817 100 24985
28880 229 10235
28899 5 28772
28908 67 22512
28960 163 29124
28973 74 32653
28987 429 660
29037 470 29532
29048 512 25170
29077 417 4644
29112 35 24521
29155 391 12343
29162 334 9146
29197 696 9297
29201 467 24274
29247 345 20628
29257 405 10156
29274 214 16976
29294 161 358
29398 383 15676
29409 454 6251
29449 91 18612
29464 25 28394
29500 254 9047
29507 79 31120
29515 416 26103
29530 96 31371
29535 458 13813
29545 370 14338
29564 337 23921
29589 228 1366
29632 84 14882
29642 339 20613
29647 576 22831
29662 159 30548
29709 19 10685
29719 53 16199
29755 129 25649
29775 576 7264
29814 316 20301
29824 184 20131
29856 772 749
29905 72 12713
29908 696 19520
29975 172 21205
30025 315 1350
30036 99 28388
30037 85 22755
30038 207 22602
30124 511 1804
30140 855 31920
30186 461 32006
30196 167 21445
30236 7 13342
30302 465 18261
30312 255 3573
30341 220 4424
30345 423 8867
30418 52 30587
30449 544 31348
30501 379 10934
30510 523 22786
30521 21 2304
30525 231 19779
30531 219 18674
30539 481 3529
30559 178 3462
30600 163 22898
30670 362 18124
30675 197 200
30678 379 19834
30690 240 32456
30701 458 26349
30704 199 5992
30726 201 23593
30787 747 8879
30790 303 3431
30907 421 32308
30933 677 8361
30961 24 29172
30970 578 2092
31015 269 27321
31027 335 12116
31035 651 1652
31140 285 6984
31275 278 23978
31288 694 17115
31439 401 19166
31457 564 1651
31459 662 28404
31532 270 28967
31603 111 9646
31651 426 20163
31662 429 9678
31726 128 15878
31882 522 29873
31906 666 15832
31913 41 27961
32001 398 11647
32019 182 22786
32027 269 8419
32028 149 20417
32036 407 8840
32050 332 14720
32056 206 5747
32111 196 23387
32117 57 2292
32132 107 25298
32147 884 24193
32193 275 6722
32195 57 12333
32224 66 32459
32298 421 23920
32299 198 12451
32317 476 14859
32414 512 5341
32466 523 13131
32500 535 19385
32520 139 14747
32522 469 15626
32569 606 3286
32585 350 26112
32593 161 23767
32657 155 17441
32673 671 6084
32689 51 11941
32730 449 14900
0